{
  "metadata": {
    "dimensions": [
      "firmness",
      "empathy",
      "anchoring",
      "fairness_norm",
      "narcissism",
      "spite",
      "greed",
      "flattery",
      "composure",
      "undecidedness"
    ],
    "heatmap_layers": [
      4,
      10,
      12,
      20
    ],
    "tracked_pairs": [
      [
        "firmness",
        "empathy"
      ],
      [
        "greed",
        "narcissism"
      ],
      [
        "empathy",
        "flattery"
      ],
      [
        "firmness",
        "undecidedness"
      ]
    ]
  },
  "layer_matrices": {
    "0": [
      [
        0.9999999999999987,
        -0.5194862297527564,
        -0.034420696816643157,
        0.3258132650470666,
        -0.1748973213689352,
        0.23731728258794277,
        -0.3159577474856408,
        -0.3015033775734667,
        0.3565461945879871,
        -0.5947811608321482
      ],
      [
        -0.5194862297527564,
        0.9999999999999989,
        -0.10829993360718576,
        -0.2601960903607785,
        0.4960799044583637,
        0.006326390019873222,
        0.3079291333780004,
        0.7181702426966091,
        -0.4788086806672495,
        0.6201813731459033
      ],
      [
        -0.034420696816643157,
        -0.10829993360718576,
        0.9999999999999991,
        0.08610175530108469,
        0.1841011939197464,
        0.1131199993071704,
        0.08354148422721007,
        0.13977642210973584,
        0.17765700587097738,
        0.011372685442416966
      ],
      [
        0.3258132650470666,
        -0.2601960903607785,
        0.08610175530108469,
        0.999999999999999,
        -0.04077926905793845,
        0.31922117662328264,
        -0.02499465264111661,
        -0.11180604669953449,
        0.10663257438037127,
        -0.18179376365403577
      ],
      [
        -0.1748973213689352,
        0.4960799044583637,
        0.1841011939197464,
        -0.04077926905793845,
        0.9999999999999982,
        0.06544633498005274,
        0.4537811938465141,
        0.5781207867305542,
        -0.07261873430883556,
        0.46496757983205406
      ],
      [
        0.23731728258794277,
        0.006326390019873222,
        0.1131199993071704,
        0.31922117662328264,
        0.06544633498005274,
        0.9999999999999991,
        -0.04667701829372882,
        0.15123158052498722,
        -0.05844827427119889,
        -0.0022958451649343877
      ],
      [
        -0.3159577474856408,
        0.3079291333780004,
        0.08354148422721007,
        -0.02499465264111661,
        0.4537811938465141,
        -0.04667701829372882,
        0.9999999999999987,
        0.1691606264671341,
        0.03375103089295041,
        0.5559631331833067
      ],
      [
        -0.3015033775734667,
        0.7181702426966091,
        0.13977642210973584,
        -0.11180604669953449,
        0.5781207867305542,
        0.15123158052498722,
        0.1691606264671341,
        0.9999999999999984,
        -0.3402904925835262,
        0.4514827747721474
      ],
      [
        0.3565461945879871,
        -0.4788086806672495,
        0.17765700587097738,
        0.10663257438037127,
        -0.07261873430883556,
        -0.05844827427119889,
        0.03375103089295041,
        -0.3402904925835262,
        1.0,
        -0.3040973154371719
      ],
      [
        -0.5947811608321482,
        0.6201813731459033,
        0.011372685442416966,
        -0.18179376365403577,
        0.46496757983205406,
        -0.0022958451649343877,
        0.5559631331833067,
        0.4514827747721474,
        -0.3040973154371719,
        0.9999999999999997
      ]
    ],
    "1": [
      [
        0.9999999999999982,
        -0.6737374805794083,
        -0.35498059177102087,
        0.4531547001965294,
        -0.32299108941860355,
        0.27464221900436264,
        -0.5331751815745995,
        -0.5074463539872593,
        0.29827081507161235,
        -0.6849848325037241
      ],
      [
        -0.6737374805794083,
        0.9999999999999986,
        0.2762215428757428,
        -0.33236687960533334,
        0.6399717618158784,
        -0.21966605713970253,
        0.6299323414107352,
        0.7370896634888541,
        -0.24962587812124004,
        0.7708707027642047
      ],
      [
        -0.35498059177102087,
        0.2762215428757428,
        0.9999999999999982,
        -0.18840950379800578,
        0.4069300268481862,
        -0.1062409284269815,
        0.4255342311581187,
        0.4258037327245816,
        0.28437998470952486,
        0.4033207275422028
      ],
      [
        0.4531547001965294,
        -0.33236687960533334,
        -0.18840950379800578,
        0.9999999999999973,
        -0.048575495505701276,
        0.5474282492094842,
        -0.2571286212430992,
        -0.15149398583648127,
        -0.038076901714311544,
        -0.346773299327728
      ],
      [
        -0.32299108941860355,
        0.6399717618158784,
        0.4069300268481862,
        -0.048575495505701276,
        0.9999999999999982,
        -0.014970020696266892,
        0.6831101590221201,
        0.6840981957848828,
        0.0014712634571713023,
        0.6195069445588841
      ],
      [
        0.27464221900436264,
        -0.21966605713970253,
        -0.1062409284269815,
        0.5474282492094842,
        -0.014970020696266892,
        0.9999999999999982,
        -0.2507472824294222,
        0.02136835405019593,
        -0.14872848661337248,
        -0.20412152072268785
      ],
      [
        -0.5331751815745995,
        0.6299323414107352,
        0.4255342311581187,
        -0.2571286212430992,
        0.6831101590221201,
        -0.2507472824294222,
        0.9999999999999987,
        0.5128046822565087,
        0.06912750856505133,
        0.7081104467111922
      ],
      [
        -0.5074463539872593,
        0.7370896634888541,
        0.4258037327245816,
        -0.15149398583648127,
        0.6840981957848828,
        0.02136835405019593,
        0.5128046822565087,
        0.9999999999999981,
        -0.23022713246073337,
        0.6807092261931335
      ],
      [
        0.29827081507161235,
        -0.24962587812124004,
        0.28437998470952486,
        -0.038076901714311544,
        0.0014712634571713023,
        -0.14872848661337248,
        0.06912750856505133,
        -0.23022713246073337,
        0.9999999999999983,
        -0.11683775391780621
      ],
      [
        -0.6849848325037241,
        0.7708707027642047,
        0.4033207275422028,
        -0.346773299327728,
        0.6195069445588841,
        -0.20412152072268785,
        0.7081104467111922,
        0.6807092261931335,
        -0.11683775391780621,
        0.9999999999999983
      ]
    ],
    "2": [
      [
        0.999999999999999,
        -0.6703267906861583,
        -0.17570262071008,
        0.4599478512889253,
        -0.2788372467574271,
        0.17909346557876774,
        -0.3744568540845251,
        -0.47304415851017945,
        0.36860985245398625,
        -0.6803803579120941
      ],
      [
        -0.6703267906861583,
        0.9999999999999991,
        0.1233025078792378,
        -0.3489113985775979,
        0.6082925910461793,
        -0.2201205521168821,
        0.4653882664880611,
        0.6960028828924953,
        -0.3213947544510074,
        0.7523851307941178
      ],
      [
        -0.17570262071008,
        0.1233025078792378,
        0.9999999999999991,
        -0.050184280060334555,
        0.27206913956494017,
        -0.18714294000589116,
        0.3696934695325696,
        0.38196900359612007,
        0.32769448755492864,
        0.2606313070231513
      ],
      [
        0.4599478512889253,
        -0.3489113985775979,
        -0.050184280060334555,
        0.9999999999999982,
        -0.004171744263483866,
        0.35019818775033973,
        -0.14736237778383213,
        -0.13519563080460045,
        0.15303252780486007,
        -0.3335720273863535
      ],
      [
        -0.2788372467574271,
        0.6082925910461793,
        0.27206913956494017,
        -0.004171744263483866,
        0.9999999999999988,
        -0.0593690893529183,
        0.6238525896676974,
        0.6129782229207162,
        -0.012936908943668756,
        0.5848864000282695
      ],
      [
        0.17909346557876774,
        -0.2201205521168821,
        -0.18714294000589116,
        0.35019818775033973,
        -0.0593690893529183,
        0.9999999999999996,
        -0.22567864851592595,
        -0.20668827159436484,
        -0.10696836572896827,
        -0.1884694523840877
      ],
      [
        -0.3744568540845251,
        0.4653882664880611,
        0.3696934695325696,
        -0.14736237778383213,
        0.6238525896676974,
        -0.22567864851592595,
        1.0,
        0.44207091642203267,
        0.19030752575752544,
        0.6050657815502477
      ],
      [
        -0.47304415851017945,
        0.6960028828924953,
        0.38196900359612007,
        -0.13519563080460045,
        0.6129782229207162,
        -0.20668827159436484,
        0.44207091642203267,
        0.9999999999999988,
        -0.20542869179596307,
        0.632379598937285
      ],
      [
        0.36860985245398625,
        -0.3213947544510074,
        0.32769448755492864,
        0.15303252780486007,
        -0.012936908943668756,
        -0.10696836572896827,
        0.19030752575752544,
        -0.20542869179596307,
        0.9999999999999989,
        -0.1695602717109049
      ],
      [
        -0.6803803579120941,
        0.7523851307941178,
        0.2606313070231513,
        -0.3335720273863535,
        0.5848864000282695,
        -0.1884694523840877,
        0.6050657815502477,
        0.632379598937285,
        -0.1695602717109049,
        0.9999999999999984
      ]
    ],
    "3": [
      [
        0.9999999999999996,
        -0.6430518451139768,
        -0.11787726826455976,
        0.45245428996543774,
        -0.2288231279555453,
        0.1656307632461226,
        -0.3673183577707954,
        -0.4536299374590917,
        0.45803663590176935,
        -0.6416326909574419
      ],
      [
        -0.6430518451139768,
        0.999999999999998,
        0.2152432171061574,
        -0.32687613409736316,
        0.6391608460111236,
        -0.2453863621439461,
        0.47971443095292443,
        0.7665162453301372,
        -0.3122907719844425,
        0.7089336897711817
      ],
      [
        -0.11787726826455976,
        0.2152432171061574,
        0.999999999999999,
        -0.044799321248871135,
        0.24515769116032948,
        -0.10805053463814884,
        0.306022284712705,
        0.4451727881323053,
        0.3857064265811713,
        0.1856093890535672
      ],
      [
        0.45245428996543774,
        -0.32687613409736316,
        -0.044799321248871135,
        0.9999999999999969,
        0.007249949123119788,
        0.3649364038133294,
        -0.11052501454265319,
        -0.16118640026599132,
        0.17908953397860727,
        -0.33871396849792634
      ],
      [
        -0.2288231279555453,
        0.6391608460111236,
        0.24515769116032948,
        0.007249949123119788,
        0.9999999999999984,
        -0.08495653299084886,
        0.593788373187876,
        0.6168729234578849,
        -0.07635896508098211,
        0.5694818548941869
      ],
      [
        0.1656307632461226,
        -0.2453863621439461,
        -0.10805053463814884,
        0.3649364038133294,
        -0.08495653299084886,
        0.999999999999998,
        -0.22832250062481724,
        -0.20800542752485485,
        -0.021481449282466838,
        -0.23025034232567843
      ],
      [
        -0.3673183577707954,
        0.47971443095292443,
        0.306022284712705,
        -0.11052501454265319,
        0.593788373187876,
        -0.22832250062481724,
        0.9999999999999977,
        0.426930829825414,
        0.07231760202019509,
        0.579775614729669
      ],
      [
        -0.4536299374590917,
        0.7665162453301372,
        0.4451727881323053,
        -0.16118640026599132,
        0.6168729234578849,
        -0.20800542752485485,
        0.426930829825414,
        0.9999999999999989,
        -0.2130914551419292,
        0.5833243748516556
      ],
      [
        0.45803663590176935,
        -0.3122907719844425,
        0.3857064265811713,
        0.17908953397860727,
        -0.07635896508098211,
        -0.021481449282466838,
        0.07231760202019509,
        -0.2130914551419292,
        0.9999999999999988,
        -0.1997034109263514
      ],
      [
        -0.6416326909574419,
        0.7089336897711817,
        0.1856093890535672,
        -0.33871396849792634,
        0.5694818548941869,
        -0.23025034232567843,
        0.579775614729669,
        0.5833243748516556,
        -0.1997034109263514,
        0.9999999999999983
      ]
    ],
    "4": [
      [
        0.9999999999999986,
        -0.5173061520227605,
        0.033934938586822366,
        0.481471880358073,
        -0.10885538869264624,
        0.15980430111167226,
        -0.10306015597174038,
        -0.3015504325773184,
        0.49979080831020406,
        -0.6470670352811859
      ],
      [
        -0.5173061520227605,
        0.9999999999999992,
        0.1421020398032693,
        -0.23866265106360302,
        0.5984408723875385,
        -0.28613531253299007,
        0.339861626876195,
        0.7664467868029116,
        -0.3987673910983738,
        0.6024850147357116
      ],
      [
        0.033934938586822366,
        0.1421020398032693,
        0.9999999999999987,
        0.06672476587710172,
        0.17718987879313822,
        -0.23956203128590867,
        0.3621690218943879,
        0.35937516858500923,
        0.4240907355681328,
        0.11049305938771616
      ],
      [
        0.481471880358073,
        -0.23866265106360302,
        0.06672476587710172,
        0.9999999999999993,
        0.08201411808902379,
        0.26988514569672184,
        -0.030024343260544095,
        -0.12223499253105023,
        0.29150537146842315,
        -0.35743755960910095
      ],
      [
        -0.10885538869264624,
        0.5984408723875385,
        0.17718987879313822,
        0.08201411808902379,
        1.0000000000000002,
        -0.09239739624187346,
        0.5464799884024902,
        0.5423756621146472,
        -0.15329156719750223,
        0.39143382971190493
      ],
      [
        0.15980430111167226,
        -0.28613531253299007,
        -0.23956203128590867,
        0.26988514569672184,
        -0.09239739624187346,
        0.9999999999999979,
        -0.2031889947902862,
        -0.30674478272760597,
        -0.012755459944076607,
        -0.23138468631724599
      ],
      [
        -0.10306015597174038,
        0.339861626876195,
        0.3621690218943879,
        -0.030024343260544095,
        0.5464799884024902,
        -0.2031889947902862,
        0.9999999999999996,
        0.3008903292015671,
        0.1944544707816785,
        0.37306756768848487
      ],
      [
        -0.3015504325773184,
        0.7664467868029116,
        0.35937516858500923,
        -0.12223499253105023,
        0.5423756621146472,
        -0.30674478272760597,
        0.3008903292015671,
        0.999999999999999,
        -0.2712698971397589,
        0.41978679252747864
      ],
      [
        0.49979080831020406,
        -0.3987673910983738,
        0.4240907355681328,
        0.29150537146842315,
        -0.15329156719750223,
        -0.012755459944076607,
        0.1944544707816785,
        -0.2712698971397589,
        0.9999999999999979,
        -0.22556878611176367
      ],
      [
        -0.6470670352811859,
        0.6024850147357116,
        0.11049305938771616,
        -0.35743755960910095,
        0.39143382971190493,
        -0.23138468631724599,
        0.37306756768848487,
        0.41978679252747864,
        -0.22556878611176367,
        0.999999999999998
      ]
    ],
    "5": [
      [
        0.9999999999999989,
        -0.4403037214505226,
        0.045146239141441995,
        0.43718039858785185,
        -0.010016715475420294,
        0.1007903745989901,
        0.018705289448859734,
        -0.2759447573169915,
        0.4772149375310475,
        -0.5095445549277148
      ],
      [
        -0.4403037214505226,
        0.9999999999999993,
        0.22088823252122114,
        -0.2830766770250769,
        0.6334702659260368,
        -0.2996388425066273,
        0.43599555460912076,
        0.7570284170726302,
        -0.3325106456051146,
        0.6008222915002597
      ],
      [
        0.045146239141441995,
        0.22088823252122114,
        0.9999999999999989,
        -0.06091167553213422,
        0.2859409693690065,
        -0.14285576710164544,
        0.45532491457805846,
        0.45703629914789484,
        0.4176308308099712,
        0.2644660829159844
      ],
      [
        0.43718039858785185,
        -0.2830766770250769,
        -0.06091167553213422,
        0.9999999999999998,
        -0.033805952721823684,
        0.1755139917376826,
        -0.12914466880467756,
        -0.24977443675200225,
        0.1996212114125794,
        -0.41321814850622224
      ],
      [
        -0.010016715475420294,
        0.6334702659260368,
        0.2859409693690065,
        -0.033805952721823684,
        0.9999999999999979,
        -0.14689357432951672,
        0.6810722577726327,
        0.5709184306161119,
        -0.05020296964456654,
        0.43378279610796006
      ],
      [
        0.1007903745989901,
        -0.2996388425066273,
        -0.14285576710164544,
        0.1755139917376826,
        -0.14689357432951672,
        1.0000000000000004,
        -0.1388242598046824,
        -0.2502274100567288,
        0.07274778384894709,
        -0.09906135388459827
      ],
      [
        0.018705289448859734,
        0.43599555460912076,
        0.45532491457805846,
        -0.12914466880467756,
        0.6810722577726327,
        -0.1388242598046824,
        0.9999999999999984,
        0.4359498697744879,
        0.24550298809963175,
        0.48162783557582395
      ],
      [
        -0.2759447573169915,
        0.7570284170726302,
        0.45703629914789484,
        -0.24977443675200225,
        0.5709184306161119,
        -0.2502274100567288,
        0.4359498697744879,
        1.0000000000000002,
        -0.16305029627911372,
        0.5134391784490586
      ],
      [
        0.4772149375310475,
        -0.3325106456051146,
        0.4176308308099712,
        0.1996212114125794,
        -0.05020296964456654,
        0.07274778384894709,
        0.24550298809963175,
        -0.16305029627911372,
        0.9999999999999983,
        -0.0831490332705959
      ],
      [
        -0.5095445549277148,
        0.6008222915002597,
        0.2644660829159844,
        -0.41321814850622224,
        0.43378279610796006,
        -0.09906135388459827,
        0.48162783557582395,
        0.5134391784490586,
        -0.0831490332705959,
        0.9999999999999982
      ]
    ],
    "6": [
      [
        0.999999999999998,
        -0.3927486227886301,
        0.04566207799143992,
        0.4178909337417078,
        0.03879183415135347,
        0.18569420805475273,
        3.366977679931417e-05,
        -0.24741298481030344,
        0.40493416717579533,
        -0.5008236203686691
      ],
      [
        -0.3927486227886301,
        0.9999999999999987,
        0.2681814207495514,
        -0.2658708188246145,
        0.631654948498289,
        -0.21858829819959463,
        0.4667177548829623,
        0.7356234183722776,
        -0.2520759993911005,
        0.5785118764565566
      ],
      [
        0.04566207799143992,
        0.2681814207495514,
        0.9999999999999989,
        -0.07616944711805443,
        0.3186948329506195,
        -0.06805896283609716,
        0.44892857782467305,
        0.4502627901267994,
        0.3657160394372763,
        0.29038853577151275
      ],
      [
        0.4178909337417078,
        -0.2658708188246145,
        -0.07616944711805443,
        0.9999999999999981,
        -0.011255226721000405,
        0.24948212039230938,
        -0.13638804517398478,
        -0.22875888676653483,
        0.140609693724474,
        -0.3783418156638644
      ],
      [
        0.03879183415135347,
        0.631654948498289,
        0.3186948329506195,
        -0.011255226721000405,
        0.9999999999999976,
        -0.014148786657817844,
        0.6691110239054406,
        0.575104015598933,
        -0.02985717818103119,
        0.4015570996548914
      ],
      [
        0.18569420805475273,
        -0.21858829819959463,
        -0.06805896283609716,
        0.24948212039230938,
        -0.014148786657817844,
        0.9999999999999987,
        -0.09964473906540935,
        -0.20431130626085317,
        0.08172082729755718,
        -0.1513229487782766
      ],
      [
        3.366977679931417e-05,
        0.4667177548829623,
        0.44892857782467305,
        -0.13638804517398478,
        0.6691110239054406,
        -0.09964473906540935,
        0.9999999999999986,
        0.4699491747214232,
        0.1944674872659157,
        0.4695181451681273
      ],
      [
        -0.24741298481030344,
        0.7356234183722776,
        0.4502627901267994,
        -0.22875888676653483,
        0.575104015598933,
        -0.20431130626085317,
        0.4699491747214232,
        0.9999999999999987,
        -0.169279194215846,
        0.48843241399300397
      ],
      [
        0.40493416717579533,
        -0.2520759993911005,
        0.3657160394372763,
        0.140609693724474,
        -0.02985717818103119,
        0.08172082729755718,
        0.1944674872659157,
        -0.169279194215846,
        0.9999999999999981,
        -0.08612780759543666
      ],
      [
        -0.5008236203686691,
        0.5785118764565566,
        0.29038853577151275,
        -0.3783418156638644,
        0.4015570996548914,
        -0.1513229487782766,
        0.4695181451681273,
        0.48843241399300397,
        -0.08612780759543666,
        0.9999999999999991
      ]
    ],
    "7": [
      [
        1.0000000000000002,
        -0.4116739554092595,
        -0.09247830916987285,
        0.4046799834458462,
        0.038351278182662735,
        0.07676428261955348,
        0.005548981195464764,
        -0.3322863444847968,
        0.36636429215822747,
        -0.527380504075473
      ],
      [
        -0.4116739554092595,
        0.9999999999999981,
        0.3194495127982924,
        -0.1414277200083006,
        0.5837323972390835,
        -0.07323982976403606,
        0.3407374351275771,
        0.7462827114639252,
        -0.26480021249726116,
        0.5598422507216049
      ],
      [
        -0.09247830916987285,
        0.3194495127982924,
        0.9999999999999981,
        0.0032640569343079023,
        0.3833327715375127,
        0.14258975494471587,
        0.3560422558116547,
        0.4654655110289267,
        0.28428913462282435,
        0.24083973459365068
      ],
      [
        0.4046799834458462,
        -0.1414277200083006,
        0.0032640569343079023,
        0.9999999999999993,
        0.05888592096110859,
        0.15672464157617277,
        -0.07980454435016672,
        -0.16348852532197844,
        0.1968313520027799,
        -0.3850449647140606
      ],
      [
        0.038351278182662735,
        0.5837323972390835,
        0.3833327715375127,
        0.05888592096110859,
        0.999999999999998,
        0.0449686590551769,
        0.6194040725442567,
        0.5292978648782597,
        0.08722607073039247,
        0.3787542445547322
      ],
      [
        0.07676428261955348,
        -0.07323982976403606,
        0.14258975494471587,
        0.15672464157617277,
        0.0449686590551769,
        0.9999999999999989,
        0.06430859541380109,
        -0.07963904525380996,
        0.1023659313978743,
        -0.07741294712245399
      ],
      [
        0.005548981195464764,
        0.3407374351275771,
        0.3560422558116547,
        -0.07980454435016672,
        0.6194040725442567,
        0.06430859541380109,
        0.9999999999999987,
        0.3459347102705099,
        0.10789015491203653,
        0.4482482347352968
      ],
      [
        -0.3322863444847968,
        0.7462827114639252,
        0.4654655110289267,
        -0.16348852532197844,
        0.5292978648782597,
        -0.07963904525380996,
        0.3459347102705099,
        0.9999999999999986,
        -0.16157291534646698,
        0.5115898487096384
      ],
      [
        0.36636429215822747,
        -0.26480021249726116,
        0.28428913462282435,
        0.1968313520027799,
        0.08722607073039247,
        0.1023659313978743,
        0.10789015491203653,
        -0.16157291534646698,
        0.9999999999999999,
        -0.17607868362285847
      ],
      [
        -0.527380504075473,
        0.5598422507216049,
        0.24083973459365068,
        -0.3850449647140606,
        0.3787542445547322,
        -0.07741294712245399,
        0.4482482347352968,
        0.5115898487096384,
        -0.17607868362285847,
        0.9999999999999986
      ]
    ],
    "8": [
      [
        0.999999999999999,
        -0.36268134939710833,
        -0.1355235664540792,
        0.3736426240327724,
        0.035158039968729037,
        0.07975474127457413,
        0.001294655845953797,
        -0.2990615181270912,
        0.367653320027949,
        -0.4775094982558084
      ],
      [
        -0.36268134939710833,
        0.999999999999998,
        0.2814207238606905,
        -0.19444203294963006,
        0.5981935121005919,
        -0.05370621702359347,
        0.3615740554887483,
        0.7037232341313562,
        -0.24968450908212675,
        0.5700808655733738
      ],
      [
        -0.1355235664540792,
        0.2814207238606905,
        0.9999999999999989,
        -0.0678092068639712,
        0.3427898138873242,
        0.15444390060030533,
        0.34012800989290254,
        0.4287121576266765,
        0.24974395094737983,
        0.25616548715064474
      ],
      [
        0.3736426240327724,
        -0.19444203294963006,
        -0.0678092068639712,
        0.9999999999999994,
        -0.014040924904148254,
        0.12889635287887616,
        -0.1533856126035286,
        -0.20315943861892885,
        0.20499942919023392,
        -0.40297862454899575
      ],
      [
        0.035158039968729037,
        0.5981935121005919,
        0.3427898138873242,
        -0.014040924904148254,
        0.999999999999999,
        0.06908666700811714,
        0.6389452238606832,
        0.48957713693720845,
        0.065302341416606,
        0.41593010907507305
      ],
      [
        0.07975474127457413,
        -0.05370621702359347,
        0.15444390060030533,
        0.12889635287887616,
        0.06908666700811714,
        0.9999999999999988,
        0.06820972605687049,
        -0.07537776859843251,
        0.11225147126058405,
        -0.044552009847947535
      ],
      [
        0.001294655845953797,
        0.3615740554887483,
        0.34012800989290254,
        -0.1533856126035286,
        0.6389452238606832,
        0.06820972605687049,
        0.9999999999999983,
        0.35754209815761717,
        0.1002754823333918,
        0.5063529134559976
      ],
      [
        -0.2990615181270912,
        0.7037232341313562,
        0.4287121576266765,
        -0.20315943861892885,
        0.48957713693720845,
        -0.07537776859843251,
        0.35754209815761717,
        0.9999999999999977,
        -0.1643120802470277,
        0.5021133833129603
      ],
      [
        0.367653320027949,
        -0.24968450908212675,
        0.24974395094737983,
        0.20499942919023392,
        0.065302341416606,
        0.11225147126058405,
        0.1002754823333918,
        -0.1643120802470277,
        0.999999999999998,
        -0.1677116980175633
      ],
      [
        -0.4775094982558084,
        0.5700808655733738,
        0.25616548715064474,
        -0.40297862454899575,
        0.41593010907507305,
        -0.044552009847947535,
        0.5063529134559976,
        0.5021133833129603,
        -0.1677116980175633,
        0.999999999999998
      ]
    ],
    "9": [
      [
        0.9999999999999994,
        -0.2794922087587031,
        -0.07061005490725404,
        0.37747179294486943,
        0.1509860978853989,
        -0.011028231041873858,
        0.07463668546630425,
        -0.2044942371935226,
        0.29921811096577955,
        -0.43047174143816225
      ],
      [
        -0.2794922087587031,
        0.999999999999998,
        0.256162719813986,
        -0.2239597950261167,
        0.5627336716981528,
        -0.11258866125412327,
        0.29550187806100164,
        0.66966422425391,
        -0.2578676294629924,
        0.5485205270714943
      ],
      [
        -0.07061005490725404,
        0.256162719813986,
        1.0000000000000009,
        -0.049052799668561874,
        0.38919524230096575,
        0.1398645766394625,
        0.39178458999683835,
        0.4432863827368163,
        0.3147823557946593,
        0.2685215574812928
      ],
      [
        0.37747179294486943,
        -0.2239597950261167,
        -0.049052799668561874,
        0.9999999999999984,
        -0.03240296265725226,
        0.1829279469276175,
        -0.18821194175656214,
        -0.23251634908946692,
        0.21131766897810494,
        -0.4692032713930517
      ],
      [
        0.1509860978853989,
        0.5627336716981528,
        0.38919524230096575,
        -0.03240296265725226,
        0.9999999999999996,
        -0.052295397227656956,
        0.5718131878484882,
        0.5014191691353127,
        0.06978002760662239,
        0.3937125384814055
      ],
      [
        -0.011028231041873858,
        -0.11258866125412327,
        0.1398645766394625,
        0.1829279469276175,
        -0.052295397227656956,
        0.9999999999999987,
        -0.04983286750651445,
        -0.10481626177335243,
        0.10323793811773961,
        -0.17784840248003064
      ],
      [
        0.07463668546630425,
        0.29550187806100164,
        0.39178458999683835,
        -0.18821194175656214,
        0.5718131878484882,
        -0.04983286750651445,
        0.9999999999999991,
        0.32441157725863784,
        0.12936144402134814,
        0.47177832048073187
      ],
      [
        -0.2044942371935226,
        0.66966422425391,
        0.4432863827368163,
        -0.23251634908946692,
        0.5014191691353127,
        -0.10481626177335243,
        0.32441157725863784,
        0.9999999999999996,
        -0.09522197996966865,
        0.4636635923199533
      ],
      [
        0.29921811096577955,
        -0.2578676294629924,
        0.3147823557946593,
        0.21131766897810494,
        0.06978002760662239,
        0.10323793811773961,
        0.12936144402134814,
        -0.09522197996966865,
        0.9999999999999997,
        -0.13655307314984594
      ],
      [
        -0.43047174143816225,
        0.5485205270714943,
        0.2685215574812928,
        -0.4692032713930517,
        0.3937125384814055,
        -0.17784840248003064,
        0.47177832048073187,
        0.4636635923199533,
        -0.13655307314984594,
        0.9999999999999984
      ]
    ],
    "10": [
      [
        0.9999999999999993,
        -0.2871264524964149,
        -0.08082027522710727,
        0.33561133959432066,
        0.1393586231393566,
        0.013150331342327843,
        0.07088782816283923,
        -0.23194294760673578,
        0.23285407027322624,
        -0.37332087683570864
      ],
      [
        -0.2871264524964149,
        0.9999999999999993,
        0.1969877623031138,
        -0.19877601875763273,
        0.5605564872673837,
        -0.07832482529213776,
        0.25072550099260554,
        0.606503745387081,
        -0.22124598809691276,
        0.5066138926607675
      ],
      [
        -0.08082027522710727,
        0.1969877623031138,
        1.0000000000000004,
        -0.03799555721874816,
        0.3442415627045829,
        0.1230359902499957,
        0.35893497454710266,
        0.44450928734313205,
        0.3650037646225803,
        0.26529817906625053
      ],
      [
        0.33561133959432066,
        -0.19877601875763273,
        -0.03799555721874816,
        0.9999999999999988,
        -0.07621277957670526,
        0.17256528762008672,
        -0.22558988261142254,
        -0.1678240690290399,
        0.13129376035558743,
        -0.4755262142987394
      ],
      [
        0.1393586231393566,
        0.5605564872673837,
        0.3442415627045829,
        -0.07621277957670526,
        0.9999999999999984,
        -0.045883278018547906,
        0.5444328963840953,
        0.44865964595130325,
        0.08634390048148824,
        0.4286840749276292
      ],
      [
        0.013150331342327843,
        -0.07832482529213776,
        0.1230359902499957,
        0.17256528762008672,
        -0.045883278018547906,
        0.9999999999999987,
        -0.049020835635485996,
        -0.04458607908622975,
        0.07816600852139498,
        -0.20144980306858892
      ],
      [
        0.07088782816283923,
        0.25072550099260554,
        0.35893497454710266,
        -0.22558988261142254,
        0.5444328963840953,
        -0.049020835635485996,
        0.9999999999999977,
        0.29586913035129303,
        0.1368546894653282,
        0.48553262607178177
      ],
      [
        -0.23194294760673578,
        0.606503745387081,
        0.44450928734313205,
        -0.1678240690290399,
        0.44865964595130325,
        -0.04458607908622975,
        0.29586913035129303,
        0.9999999999999983,
        -0.015316089332098985,
        0.3949217427830974
      ],
      [
        0.23285407027322624,
        -0.22124598809691276,
        0.3650037646225803,
        0.13129376035558743,
        0.08634390048148824,
        0.07816600852139498,
        0.1368546894653282,
        -0.015316089332098985,
        1.0000000000000002,
        -0.06808769987364474
      ],
      [
        -0.37332087683570864,
        0.5066138926607675,
        0.26529817906625053,
        -0.4755262142987394,
        0.4286840749276292,
        -0.20144980306858892,
        0.48553262607178177,
        0.3949217427830974,
        -0.06808769987364474,
        0.9999999999999991
      ]
    ],
    "11": [
      [
        0.9999999999999982,
        -0.3240938538680869,
        -0.015501983484932823,
        0.28503127399253797,
        0.14899198994046173,
        0.06659956377160323,
        0.09329725836213835,
        -0.23517981978461547,
        0.2460754055900166,
        -0.4061441735034659
      ],
      [
        -0.3240938538680869,
        0.9999999999999982,
        0.16407231914527468,
        -0.1777161157967048,
        0.5292258910052533,
        -0.1848273624245727,
        0.2295479371197204,
        0.6253712762331213,
        -0.26067456899056457,
        0.47661094800977083
      ],
      [
        -0.015501983484932823,
        0.16407231914527468,
        0.9999999999999992,
        -0.0815880555865141,
        0.34832593557534924,
        0.0316140253401433,
        0.329222047534829,
        0.4318118579131982,
        0.3564064317258783,
        0.2336650701391539
      ],
      [
        0.28503127399253797,
        -0.1777161157967048,
        -0.0815880555865141,
        0.9999999999999988,
        -0.1769177986492016,
        0.08212891226516972,
        -0.28257036800798385,
        -0.19209328459265365,
        0.021400504278765078,
        -0.47593802194182744
      ],
      [
        0.14899198994046173,
        0.5292258910052533,
        0.34832593557534924,
        -0.1769177986492016,
        0.9999999999999983,
        -0.09408948125103576,
        0.555746474557404,
        0.44513991622252136,
        0.08662931094056954,
        0.4213041785918229
      ],
      [
        0.06659956377160323,
        -0.1848273624245727,
        0.0316140253401433,
        0.08212891226516972,
        -0.09408948125103576,
        0.9999999999999998,
        -0.045907179256369814,
        -0.15262141656249917,
        0.06090886395134098,
        -0.17221239708232525
      ],
      [
        0.09329725836213835,
        0.2295479371197204,
        0.329222047534829,
        -0.28257036800798385,
        0.555746474557404,
        -0.045907179256369814,
        0.9999999999999983,
        0.2787030286781896,
        0.13526599742833548,
        0.4422346150822249
      ],
      [
        -0.23517981978461547,
        0.6253712762331213,
        0.4318118579131982,
        -0.19209328459265365,
        0.44513991622252136,
        -0.15262141656249917,
        0.2787030286781896,
        0.9999999999999993,
        -0.05593353949112809,
        0.3721321945589153
      ],
      [
        0.2460754055900166,
        -0.26067456899056457,
        0.3564064317258783,
        0.021400504278765078,
        0.08662931094056954,
        0.06090886395134098,
        0.13526599742833548,
        -0.05593353949112809,
        0.9999999999999981,
        -0.04800433377050854
      ],
      [
        -0.4061441735034659,
        0.47661094800977083,
        0.2336650701391539,
        -0.47593802194182744,
        0.4213041785918229,
        -0.17221239708232525,
        0.4422346150822249,
        0.3721321945589153,
        -0.04800433377050854,
        0.9999999999999986
      ]
    ],
    "12": [
      [
        0.999999999999998,
        -0.3487926053974992,
        0.010651237724458992,
        0.24239675739428931,
        0.14229495029306222,
        0.07047808512409125,
        0.10279844968160746,
        -0.2235163741942358,
        0.23233590113927616,
        -0.4137896546294312
      ],
      [
        -0.3487926053974992,
        0.9999999999999997,
        0.13524030915206395,
        -0.14546955653952398,
        0.4776962478694359,
        -0.19332784445430257,
        0.1974977659813832,
        0.5829239158908509,
        -0.24595716617871574,
        0.444967580882759
      ],
      [
        0.010651237724458992,
        0.13524030915206395,
        1.0000000000000004,
        -0.050879551567104046,
        0.3024322414188671,
        0.0024210843458503384,
        0.2812447053671692,
        0.38325400890903427,
        0.3493076462452433,
        0.22296619346609906
      ],
      [
        0.24239675739428931,
        -0.14546955653952398,
        -0.050879551567104046,
        0.9999999999999978,
        -0.2404386509039449,
        0.08317710938060222,
        -0.2936834895124634,
        -0.19635443967980198,
        -0.01482293853198872,
        -0.4465286546613075
      ],
      [
        0.14229495029306222,
        0.4776962478694359,
        0.3024322414188671,
        -0.2404386509039449,
        0.9999999999999987,
        -0.13534438641206817,
        0.5690999927776553,
        0.4384518580076452,
        0.08358946835114914,
        0.4342965175833903
      ],
      [
        0.07047808512409125,
        -0.19332784445430257,
        0.0024210843458503384,
        0.08317710938060222,
        -0.13534438641206817,
        0.9999999999999986,
        -0.08103349369237557,
        -0.19314989249795708,
        0.07160835812957504,
        -0.21876416448142813
      ],
      [
        0.10279844968160746,
        0.1974977659813832,
        0.2812447053671692,
        -0.2936834895124634,
        0.5690999927776553,
        -0.08103349369237557,
        0.9999999999999988,
        0.2288169421200514,
        0.12527884923246352,
        0.37297844585126283
      ],
      [
        -0.2235163741942358,
        0.5829239158908509,
        0.38325400890903427,
        -0.19635443967980198,
        0.4384518580076452,
        -0.19314989249795708,
        0.2288169421200514,
        0.9999999999999998,
        -0.04984727408958625,
        0.3543788447805671
      ],
      [
        0.23233590113927616,
        -0.24595716617871574,
        0.3493076462452433,
        -0.01482293853198872,
        0.08358946835114914,
        0.07160835812957504,
        0.12527884923246352,
